Player,Ally Code,Starting Gear Needed,Progress,Current Gear Needed,Team
SumTingWong,534132723,12,1,11,Geos: GBA G10 4* Poggle G11 Geo Soldier G11 Sun Fac G9 Geo Spy G8
Miketoker,125899287,8,0,8,Dooku+Asajj: Dooku G8 AV G8
Tronibrall,177621662,19,0,19,Geos: GBA G9 4* Poggle G6 Geo Soldier G10 Sun Fac G8 Geo Spy G8
UncleBClinton,219191199,4,0,4,Dooku+Asajj: Dooku G10 AV G10
UncleBClinton,219191199,18,17,1,Geos: GBA Poggle Geo Soldier Sun Fac G11 Geo Spy
PotatoKing,775888331,6,0,6,Dooku+Asajj: Dooku G10 5* AV G8 5*
PotatoKing,775888331,13,0,13,Geos: GBA G10 Poggle G11 Geo Soldier G11 Sun Fac G7 Geo Spy G8
Devon,687339857,5,0,5,Dooku+Asajj: Dooku G11 AV G8
Devon,687339857,14,0,14,Geos: GBA G9 6* Poggle G11 Geo Soldier G11 Sun Fac G7 Geo Spy G8
HannibalHunter,669271694,8,0,8,Dooku+Asajj: Dooku G8 5* AV G8 5*
Lillyanna,938276726,10,10,0,Geos: GBA Poggle Geo Soldier Sun Fac Geo Spy
Lillyanna,938276726,19,1,18,Grievous: GG G8 B2 G8 B1 G8 Nute G11 MagnaGuard G7
Lillyanna,938276726,20,0,20,Troopers: Veers G9 Piett G8 Gideon G8 Dark Trooper G7 6* Range Trooper G8 5*
Lillyanna,938276726,1,0,1,Dooku+Asajj: Dooku G11 AV
TK4811,319498394,12,0,12,Dooku+Asajj: Dooku G6 5* AV G6 6*
NIGHTMARE,569237728,16,0,16,Dooku+Asajj: Dooku G7 5* AV G1 3*
Mando bro,917773733,8,0,8,Dooku+Asajj: Dooku G8 6* AV G8 5*
Mando bro,917773733,19,16,3,Geos: GBA G11 Poggle G11 Geo Soldier Sun Fac G11 Geo Spy
lionhall,558563868,11,0,11,Dooku+Asajj: Dooku G5 3* AV G8
lionhall,558563868,8,0,8,Geos: GBA Poggle Geo Soldier Sun Fac G7 Geo Spy G9
HarryTheHutt,683648442,0,0,0,Grievous: GG B2 B1 Droideka MagnaGuard
HarryTheHutt,683648442,1,1,0,Dooku+Asajj: Dooku AV
HarryTheHutt,683648442,0,0,0,Geos: GBA Poggle Geo Soldier Sun Fac Geo Spy
HarryTheHutt,683648442,19,11,8,Troopers: Veers Piett Starck G11 Dark Trooper G9 6* Range Trooper G8
XxFIRESTAR44xX,596849717,8,0,8,Dooku+Asajj: Dooku G8 5* AV G8 5*
TCLincoln,193327199,0,0,0,Grievous: GG B2 B1 Droideka MagnaGuard
TCLincoln,193327199,0,0,0,Dooku+Asajj: Dooku AV
TCLincoln,193327199,0,0,0,Geos: GBA Poggle Geo Soldier Sun Fac Geo Spy
Dombo,825775274,8,0,8,Dooku+Asajj: Dooku G8 6* AV G8
Dombo,825775274,9,2,7,Geos: GBA G11 Poggle G11 Geo Soldier Sun Fac G8 Geo Spy G11
DarthHoratius,899145955,19,0,19,Geos: GBA G7 6* Poggle G8 Geo Soldier G10 Sun Fac G7 Geo Spy G9
Malack,437163473,1,0,1,Dooku+Asajj: Dooku G11 AV
LawnViking,665687545,18,0,18,Dooku+Asajj: Dooku G5 4* AV G1 3*
GeneralMarkus,789995519,18,10,8,Troopers: Veers Piett Gideon G11 Dark Trooper G9 6* Range Trooper G8
GeneralMarkus,789995519,8,2,6,Dooku+Asajj: Dooku G10 AV G8
GeneralMarkus,789995519,19,10,9,Geos: GBA G10 Poggle G11 Geo Soldier G11 Sun Fac G8 Geo Spy G11
ARCTroopa,927699334,19,5,14,Dooku+Asajj: Dooku G6 AV G4 5*
Po tato,419668511,15,0,15,Dooku+Asajj: Dooku G8 AV G1 3*
Po tato,419668511,8,0,8,Geos: GBA G11 Poggle G11 Geo Soldier G10 Sun Fac G9 Geo Spy G11
DarthGutty,357188912,4,0,4,Grievous: GG G9 B2 B1 G11 Nute MagnaGuard
DarthGutty,357188912,16,13,3,Troopers: Veers Piett Gideon G10 Dark Trooper G11 Range Trooper
DarthGutty,357188912,12,12,0,Geos: GBA Poggle Geo Soldier Sun Fac Geo Spy
DarthGutty,357188912,0,0,0,Dooku+Asajj: Dooku AV
Henry,147894994,0,0,0,Geos: GBA Poggle Geo Soldier Sun Fac Geo Spy
Henry,147894994,12,0,12,Dooku+Asajj: Dooku G1 4* AV G11
Erotavlas,187715758,8,2,6,Dooku+Asajj: Dooku G10 AV G8
Mol Eliza,695174381,8,0,8,Dooku+Asajj: Dooku G8 5* AV G8 5*
Mol Eliza,695174381,11,0,11,Geos: GBA G10 Poggle G10 Geo Soldier G11 Sun Fac G8 Geo Spy G10
TheRobertEquation,477473882,16,7,9,Geos: GBA G10 Poggle G10 Geo Soldier G11 Sun Fac G10 Geo Spy G10
GamingChips,958661216,3,3,0,Grievous: GG B2 B1 Droideka MagnaGuard
GamingChips,958661216,3,3,0,Dooku+Asajj: Dooku AV
Vegas Vic,151842775,15,15,0,Geos: GBA Poggle Geo Soldier Sun Fac Geo Spy
Cerberus567,145897793,8,0,8,Dooku+Asajj: Dooku G8 5* AV G8 6*
Porg,325919928,1,1,0,Dooku+Asajj: Dooku AV
Porg,325919928,6,4,2,Geos: GBA Poggle Geo Soldier Sun Fac G11 Geo Spy G11
SithGoldblumAlt,364358639,8,0,8,Dooku+Asajj: Dooku G8 5* AV G8 5*
BAI,957983973,3,0,3,Geos: GBA Poggle G11 Geo Soldier G11 Sun Fac G11 Geo Spy
Ethan Geilvta,671426777,8,2,6,Dooku+Asajj: Dooku G10 AV G8 5*
DarthPopp,547162791,10,0,10,Dooku+Asajj: Dooku G7 AV G7
DarthPopp,547162791,10,0,10,Geos: GBA G10 Poggle G10 Geo Soldier G11 Sun Fac G8 Geo Spy G11
Gibbles,883329478,4,0,4,Dooku+Asajj: Dooku G10 AV G10
Gibbles,883329478,7,0,7,Geos: GBA Poggle G11 Geo Soldier G11 Sun Fac G8 Geo Spy G11
RedEyeJedi,449715953,4,0,4,Troopers: Veers G9 6* Piett G11 Gideon Dark Trooper Range Trooper
RedEyeJedi,449715953,5,0,5,Dooku+Asajj: Dooku G11 AV G8
Cudivex,966788381,19,4,15,Geos: GBA G9 6* Poggle G9 Geo Soldier G9 Sun Fac G9 Geo Spy G9
