Player,Ally Code,Starting Gear Needed,Progress,Current Gear Needed,Team
GeneralMarkus,789995519,18,11,7,Troopers: Veers Piett Gideon G11 Dark Trooper G10 Range Trooper G8
GeneralMarkus,789995519,8,2,6,Dooku+Asajj: Dooku G10 AV G8
GeneralMarkus,789995519,19,11,8,Geos: GBA G10 Poggle G11 Geo Soldier G11 Sun Fac G8 Geo Spy
Blankinside,227643771,12,0,12,Dooku+Asajj: Dooku G5 4* AV G7
Blankinside,227643771,14,0,14,Geos: GBA G10 Poggle G9 Geo Soldier G10 Sun Fac G9 Geo Spy G8
Vegas Vic,151842775,15,15,0,Geos: GBA Poggle Geo Soldier Sun Fac Geo Spy
LawnViking,665687545,18,0,18,Dooku+Asajj: Dooku G5 4* AV G1 3*
HarryTheHutt,683648442,0,0,0,Grievous: GG B2 B1 Droideka MagnaGuard
HarryTheHutt,683648442,1,1,0,Dooku+Asajj: Dooku AV
HarryTheHutt,683648442,0,0,0,Geos: GBA Poggle Geo Soldier Sun Fac Geo Spy
HarryTheHutt,683648442,19,11,8,Troopers: Veers Piett Starck G11 Dark Trooper G9 6* Range Trooper G8
Lillyanna,938276726,10,10,0,Geos: GBA Poggle Geo Soldier Sun Fac Geo Spy
Lillyanna,938276726,19,1,18,Grievous: GG G8 B2 G8 B1 G8 Nute G11 MagnaGuard G7
Lillyanna,938276726,20,0,20,Troopers: Veers G9 Piett G8 Gideon G8 Dark Trooper G7 6* Range Trooper G8 5*
Lillyanna,938276726,1,0,1,Dooku+Asajj: Dooku G11 AV
Mightyone,258922997,6,0,6,Dooku+Asajj: Dooku G11 AV G7
The holy toweile,454195454,18,0,18,Troopers: Veers G9 5* Piett G7 3* Gideon G10 5* Dark Trooper G9 5* Range Trooper G7 3*
The holy toweile,454195454,8,0,8,Dooku+Asajj: Dooku G8 5* AV G8 6*
Mando bro,917773733,8,0,8,Dooku+Asajj: Dooku G8 6* AV G8 5*
Mando bro,917773733,19,16,3,Geos: GBA G11 Poggle G11 Geo Soldier Sun Fac G11 Geo Spy
Devon,687339857,5,0,5,Dooku+Asajj: Dooku G11 AV G8
Devon,687339857,14,0,14,Geos: GBA G9 6* Poggle G11 Geo Soldier G11 Sun Fac G7 Geo Spy G8
RedEyeJedi,449715953,4,1,3,Troopers: Veers G9 6* Piett Gideon Dark Trooper Range Trooper
RedEyeJedi,449715953,5,0,5,Dooku+Asajj: Dooku G11 AV G8
Miketoker,125899287,8,0,8,Dooku+Asajj: Dooku G8 AV G8
TK4811,319498394,12,0,12,Dooku+Asajj: Dooku G6 5* AV G6 6*
Ethan Geilvta,671426777,8,2,6,Dooku+Asajj: Dooku G10 AV G8 5*
natebzta,994951475,11,0,11,Dooku+Asajj: Dooku G1 3* AV
natebzta,994951475,2,0,2,Geos: GBA Poggle Geo Soldier Sun Fac Geo Spy G10
Tyron Brandt,158519183,10,0,10,Dooku+Asajj: Dooku G7 5* AV G7 6*
Porg,325919928,1,1,0,Dooku+Asajj: Dooku AV
Porg,325919928,6,4,2,Geos: GBA Poggle Geo Soldier Sun Fac G11 Geo Spy G11
Cerberus567,145897793,8,0,8,Dooku+Asajj: Dooku G8 5* AV G8 6*
Smoopy,977522524,12,0,12,Dooku+Asajj: Dooku G5 5* AV G7 6*
Smoopy,977522524,5,0,5,Geos: GBA G11 Poggle G11 Geo Soldier G11 Sun Fac G11 Geo Spy G11
Henry,147894994,0,0,0,Geos: GBA Poggle Geo Soldier Sun Fac Geo Spy
Henry,147894994,12,0,12,Dooku+Asajj: Dooku G1 4* AV G11
Cudivex,966788381,19,4,15,Geos: GBA G9 6* Poggle G9 Geo Soldier G9 Sun Fac G9 Geo Spy G9
PotatoKing,775888331,6,0,6,Dooku+Asajj: Dooku G10 6* AV G8 5*
PotatoKing,775888331,13,0,13,Geos: GBA G10 Poggle G11 Geo Soldier G11 Sun Fac G7 Geo Spy G8
xanakin Xywalker,248813742,9,0,9,Dooku+Asajj: Dooku G9 6* AV G6 6*
DarthGutty,357188912,4,0,4,Grievous: GG G9 B2 B1 G11 Nute MagnaGuard
DarthGutty,357188912,16,15,1,Troopers: Veers Piett Gideon G11 Dark Trooper Range Trooper
DarthGutty,357188912,12,12,0,Geos: GBA Poggle Geo Soldier Sun Fac Geo Spy
DarthGutty,357188912,0,0,0,Dooku+Asajj: Dooku AV
ObiwanKenobi,113847161,0,0,0,Geos: GBA Poggle Geo Soldier Sun Fac Geo Spy
ObiwanKenobi,113847161,6,0,6,Dooku+Asajj: Dooku G10 AV G8
Tronibrall,177621662,19,0,19,Geos: GBA G9 4* Poggle G6 Geo Soldier G10 Sun Fac G8 Geo Spy G8
TheRobertEquation,477473882,16,7,9,Geos: GBA G10 Poggle G10 Geo Soldier G11 Sun Fac G10 Geo Spy G10
GamingChips,958661216,3,3,0,Grievous: GG B2 B1 Droideka MagnaGuard
GamingChips,958661216,3,3,0,Dooku+Asajj: Dooku AV
UncleBClinton,219191199,4,0,4,Dooku+Asajj: Dooku G10 AV G10
UncleBClinton,219191199,18,17,1,Geos: GBA Poggle Geo Soldier Sun Fac G11 Geo Spy
BAI,957983973,3,0,3,Geos: GBA Poggle G11 Geo Soldier G11 Sun Fac G11 Geo Spy
Coolman6456,568778898,3,0,3,Dooku+Asajj: Dooku G9 6* AV
Coolman6456,568778898,13,0,13,Geos: GBA G10 5* Poggle G10 Geo Soldier G11 Sun Fac G8 Geo Spy G8
Wagg Doha,793651221,16,0,16,Grievous: GG G8 B2 G7 5* B1 G6 2* Droideka G11 6* MagnaGuard
Wagg Doha,793651221,12,0,12,Dooku+Asajj: Dooku G8 AV G4 5*
TCLincoln,193327199,0,0,0,Grievous: GG B2 B1 Droideka MagnaGuard
TCLincoln,193327199,0,0,0,Dooku+Asajj: Dooku AV
TCLincoln,193327199,0,0,0,Geos: GBA Poggle Geo Soldier Sun Fac Geo Spy
Malack,437163473,1,0,1,Dooku+Asajj: Dooku G11 AV
SithGoldblumAlt,364358639,8,0,8,Dooku+Asajj: Dooku G8 5* AV G8 5*
HannibalHunter,669271694,8,0,8,Dooku+Asajj: Dooku G8 5* AV G8 5*
Illiad,635977593,0,0,0,Geos: GBA Poggle Geo Soldier Sun Fac Geo Spy
Illiad,635977593,15,0,15,Dooku+Asajj: Dooku G8 5* AV G1
Erotavlas,187715758,8,5,3,Dooku+Asajj: Dooku G11 AV G10
Dombo,825775274,8,0,8,Dooku+Asajj: Dooku G8 6* AV G8
Dombo,825775274,9,2,7,Geos: GBA G11 Poggle G11 Geo Soldier Sun Fac G8 Geo Spy G11
SumTingWong,534132723,12,1,11,Geos: GBA G10 4* Poggle G11 Geo Soldier G11 Sun Fac G9 Geo Spy G8
DarthHoratius,899145955,19,1,18,Geos: GBA G7 6* Poggle G9 Geo Soldier G10 Sun Fac G7 Geo Spy G9
