Player,Ally Code,Starting Gear Needed,Progress,Current Gear Needed,GP,Team
TheEmpress,842227845,10,5,5,128379,Padme JKA Ahsoka GK GMY G13
Corgibuttz,335132241,31,31,0,144877,Padme JKA Ahsoka GK GMY
llandro,478895559,69,69,0,140463,Padme JKA Ahsoka GK GMY
Matryckol,154613492,24,16,8,122685,Padme JKA Ahsoka GK GMY G10
Folos,398344769,23,22,1,136878,Padme JKA Ahsoka GK GMY R4
The Frozen One,429155696,35,35,0,143609,Padme JKA Ahsoka GK GMY
Pkunk,925263588,29,26,3,129239,Padme JKA Ahsoka GK GMY R2
Hatton,755731115,58,36,22,108627,Padme G12 JKA Ahsoka G12 GK R3 GMY G10
3CPO ConfusingHumanRelations,642448877,34,34,0,134103,Padme JKA Ahsoka GK GMY
zohaib24,513357243,50,37,13,120504,Padme R3 JKA Ahsoka G11 GK R3 GMY R3
Torin Woodle,625239834,84,36,48,64154,Padme G1 JKA G11 5* Ahsoka G10 GK G9 GMY G11
MiniTwodamax,849554491,45,45,0,141586,Padme JKA Ahsoka GK GMY
prettyhatemachine,882761145,55,53,2,136159,Padme JKA Ahsoka GK GMY R3
Caminator,316517664,68,62,6,121675,Padme JKA Ahsoka GK GMY G12
Lilboivig,531314937,54,51,3,132192,Padme JKA Ahsoka GK GMY R2
Tiric Thorn,122955923,57,50,7,121811,Padme JKA Ahsoka GK GMY G11
Rebel78,883592965,40,34,6,134038,Padme JKA Ahsoka GK GMY G12
GhostSurfer,749847446,13,6,7,127828,Padme JKA Ahsoka GK GMY G11
Richmal,414213241,54,48,6,123305,Padme JKA Ahsoka GK GMY G12
Qex,654613761,26,26,0,139836,Padme JKA Ahsoka GK GMY
GamerXD246,221338795,77,20,57,50926,Padme G7 JKA G5 3* Ahsoka G8 GK G6 GMY G7
DarthMacaroni,647763694,0,0,0,159767,Padme JKA Ahsoka GK GMY
OriginalSin,655548929,29,12,17,127688,Padme JKA G11 Ahsoka R1 GK GMY G12
PrimarchHades,793647289,31,11,20,114666,Padme R1 JKA G12 Ahsoka R1 GK GMY G12
Death2MC,766619493,6,0,6,138670,Padme R2 JKA R4 Ahsoka R3 GK GMY
Corepike,492187112,42,1,41,75671,Padme G10 JKA G11 Ahsoka G10 GK G7 GMY G11
Hyper Revanur,474854236,54,47,7,122508,Padme JKA Ahsoka GK GMY G11
Revanur,278546959,15,9,6,131535,Padme JKA Ahsoka GK GMY G12
Shalien,717273842,7,7,0,150257,Padme JKA Ahsoka GK GMY
Whisk,383428245,58,51,7,121747,Padme JKA Ahsoka GK GMY G11
Effinsyv,887724713,15,13,2,134344,Padme JKA Ahsoka GK GMY R3
Noob,947698333,0,0,0,156580,Padme JKA Ahsoka GK GMY
DarthCarbonara,627877888,69,3,66,28829,Padme G0 0* JKA G8 6* Ahsoka G11 GK G1 5* GMY G4
gungan warrior,368646154,52,16,36,85282,Padme G9 JKA Ahsoka G8 GK G7 GMY G12
Darr Mejhan,871838931,32,0,32,98623,Padme G12 JKA G12 Ahsoka G12 GK G12 GMY G10
Damask Holdings,628389113,54,8,46,70469,Padme G7 JKA G8 6* Ahsoka G8 GK G9 GMY G12
LÃ¸ck,329813995,0,0,0,148564,Padme JKA Ahsoka GK GMY
Mecha,318634765,14,14,0,133830,Padme JKA Ahsoka GK GMY
AtomPlays,724255859,6,0,6,124187,Padme JKA Ahsoka GK GMY G12
Dixie Normus,323696396,27,1,26,94756,Padme G11 JKA Ahsoka G11 GK G12 GMY G12
Donkles,428444836,57,18,39,73722,Padme G8 JKA G12 Ahsoka G11 GK G12 GMY G8
xXDaChipXx,217292438,30,2,28,103484,Padme G9 JKA Ahsoka G11 GK G12 GMY G12
Shadow13,822421553,7,1,6,128817,Padme JKA Ahsoka GK GMY G12
crimzon,488955995,3,0,3,138537,Padme JKA Ahsoka R3 GK GMY R4
Vermanu Obeebis,277971264,8,0,8,120966,Padme JKA Ahsoka GK GMY G10
Rugess Nome,239575313,65,57,8,121878,Padme JKA Ahsoka GK GMY G10
Turbo Mooch,289645136,40,18,22,99686,Padme G12 JKA Ahsoka R1 GK G12 GMY G12
Woggex,437342655,7,5,2,139597,Padme JKA Ahsoka GK GMY R3
DarthTalon,387869794,13,6,7,129404,Padme R4 JKA Ahsoka R1 GK R4 GMY R4
Magnar argorn,694122251,0,0,0,147855,Padme JKA Ahsoka GK GMY
