Player,Ally Code,Starting Gear Needed,Progress,Current Gear Needed,Team
ΞL ΞS LΛ LΞGΞNDΛ,993359413,42,0,42,EP: EP G12 Mara Jade, The Emperor's Hand G8 4* Vader G12 Thrawn G8 5* Shoretrooper G8 5*
Poppa Nugget,947679913,33,9,24,CLS: CLS C-3PO G11 6* Han Chewbacca G11 6* Chewpio G8 4*
MINI SgtGingerbeard,211844511,0,0,0,CLS: CLS C-3PO Han Chewbacca Chewpio
MINI SgtGingerbeard,211844511,22,9,13,EP: EP Mara Jade, The Emperor's Hand G11 Vader Thrawn Malak G12
MINI SgtGingerbeard,211844511,32,2,30,Troopers: Veers G12 Piett Dark Trooper G9 Range Trooper G9 Starck G12
esmith1153,736978576,48,13,35,Troopers: Veers G11 6* Piett G11 5* Dark Trooper G11 6* Range Trooper G11 Gideon G11
Bills Mafia,441664365,50,0,50,Troopers: Veers G9 Piett G9 Dark Trooper G9 Range Trooper G1 Gideon G12
JadenRaven,329564557,11,1,10,CLS: CLS R3 C-3PO R3 Han R3 Chewbacca R3 Chewpio R3
JadenRaven,329564557,39,2,37,Troopers: Veers G11 Piett G9 6* Dark Trooper G11 6* Range Trooper G11 Gideon G11
OnyXavier,637663384,37,14,23,EP: EP G12 Mara Jade, The Emperor's Hand R3 Vader R4 Thrawn G11 Malak G11 6*
OnyXavier,637663384,42,4,38,CLS: CLS G12 C-3PO G9 Han G11 Chewbacca G10 Chewpio G10
Yabba,439127848,38,0,38,EP: EP G12 Mara Jade, The Emperor's Hand G8 4* Vader Thrawn G7 RG G7
Visigoth83,491397777,42,3,39,EP: EP G12 Mara Jade, The Emperor's Hand G10 5* Vader R2 Thrawn G7 RG G7
Visigoth83,491397777,43,6,37,CLS: CLS G12 C-3PO G9 Han G10 Chewbacca G11 Chewpio G11
Visigoth83,491397777,32,2,30,Troopers: Veers G12 Piett G12 Dark Trooper G12 Range Trooper G12 Starck G12
Mitsuki,844775351,0,0,0,CLS: CLS C-3PO Han Chewbacca Chewpio
Mitsuki,844775351,35,10,25,EP: EP Mara Jade, The Emperor's Hand G9 5* Vader Thrawn G12 RG G8
Pickle rick,266133985,32,2,30,CLS: CLS G12 C-3PO G12 Han G12 Chewbacca G12 Chewpio G12
Pickle rick,266133985,30,0,30,Troopers: Veers G12 Piett G12 Dark Trooper G12 Range Trooper G12 Starck G12
Xander,762457673,0,0,0,CLS: CLS C-3PO Han Chewbacca Chewpio
Xander,762457673,8,0,8,JMLS: JMLS JKL JKR R3 GMY G12 HYoda
Xander,762457673,26,4,22,EP: EP G12 Mara Jade, The Emperor's Hand Vader Thrawn G9 Malak G11
Xander,762457673,48,0,48,Padme/BB: Padme G10 Hunter G8 5* Echo G8 3* Tech G8 3* Wrecker G8 3*
mar5hmn9,294825966,42,17,25,EP: EP G12 Mara Jade, The Emperor's Hand G11 6* Vader Thrawn G12 RG G12
GeneralK3nobi,485165597,0,0,0,JMK: JMK CAT GK GAS Ahsoka
GeneralK3nobi,485165597,0,0,0,JMLS: JMLS JKL JKR GMY HYoda
GeneralK3nobi,485165597,0,0,0,EP: EP Mara Jade, The Emperor's Hand Vader Thrawn Malak
GeneralK3nobi,485165597,0,0,0,Padme/BB: Padme Hunter Echo Tech Wrecker
GeneralK3nobi,485165597,0,0,0,CLS: CLS C-3PO Han Chewbacca Chewpio
GeneralK3nobi,485165597,9,2,7,Troopers: Veers R4 Piett Dark Trooper Range Trooper G12 Gideon
WastedNugget,478123696,36,0,36,EP: EP G12 Mara Jade, The Emperor's Hand G8 4* Vader G12 Thrawn G12 RG G10
DumbNugget,755976984,37,4,33,EP: EP G12 Mara Jade, The Emperor's Hand G8 4* Vader Thrawn G11 Shoretrooper G8 5*
DumbNugget,755976984,42,17,25,CLS: CLS R3 C-3PO G12 Han R3 Chewbacca G12 Chewpio G9 6*
Orca,527193378,24,0,24,EP: EP Mara Jade, The Emperor's Hand G11 Vader Thrawn G11 Shoretrooper G8 6*
Orca,527193378,42,11,31,Troopers: Veers G11 Piett Dark Trooper G12 Range Trooper G9 Gideon G9
Orca,527193378,35,0,35,CLS: CLS G10 C-3PO G12 Han G12 Chewbacca G11 Chewpio G10
Kate,483591584,32,1,31,EP: EP G13 Mara Jade, The Emperor's Hand G11 Vader G12 Thrawn G12 RG G11
BenSwoloOnDBOL,871833824,35,1,34,EP: EP Mara Jade, The Emperor's Hand G9 4* Vader G12 Thrawn G8 Shoretrooper G9 5*
BenSwoloOnDBOL,871833824,44,0,44,Padme/BB: Padme G8 Hunter G10 6* Echo G10 5* Tech G9 5* Wrecker G9 6*
Amaterasu,935596991,0,0,0,JMK: JMK CAT GK GAS Ahsoka
Amaterasu,935596991,0,0,0,SEE: SEE Malak Darth Malgus BSF DR
Amaterasu,935596991,0,0,0,CLS: CLS C-3PO Han Chewbacca Chewpio
Amaterasu,935596991,0,0,0,Padme/BB: Padme Hunter Echo Tech Wrecker
Amaterasu,935596991,7,0,7,EP: EP Mara Jade, The Emperor's Hand G11 Vader Thrawn RG
Amaterasu,935596991,10,0,10,Troopers: Veers R3 Piett Dark Trooper Range Trooper G12 Starck R3
theLeskiss,626646537,38,9,29,CLS: CLS R2 C-3PO G10 Han G12 Chewbacca G12 Chewpio G12
WilsonJason,327282478,17,4,13,EP: EP Mara Jade, The Emperor's Hand G11 6* Vader Thrawn G12 Malak
WilsonJason,327282478,15,2,13,CLS: CLS C-3PO G12 Han Chewbacca Chewpio G11
WilsonJason,327282478,46,2,44,Troopers: Veers G10 Piett G9 Dark Trooper G9 Range Trooper G9 Starck G9
Galeforce,284743495,38,1,37,EP: EP G12 Mara Jade, The Emperor's Hand G9 5* Vader G12 Thrawn G11 6* RG G9
Szerahk,958343253,33,16,17,CLS: CLS R3 C-3PO R3 Han G12 Chewbacca Chewpio G11
GeneralSkywalker,628775779,39,0,39,EP: EP R4 Mara Jade, The Emperor's Hand G8 5* Vader G12 Thrawn G7 RG G7
MINI Leskiss,112892133,42,2,40,Troopers: Veers G9 Piett G9 Dark Trooper G12 Range Trooper G8 Gideon G12
Aeceythar,842688545,0,0,0,JMK: JMK CAT GK GAS Ahsoka
Aeceythar,842688545,0,0,0,JMLS: JMLS JKL JKR GMY HYoda
Aeceythar,842688545,0,0,0,SEE: SEE Malak Darth Malgus BSF DR
Aeceythar,842688545,0,0,0,CLS: CLS C-3PO Han Chewbacca Chewpio
Aeceythar,842688545,2,0,2,EP: EP Mara Jade, The Emperor's Hand Vader Thrawn RG R3
Aeceythar,842688545,4,2,2,Padme/BB: Padme Hunter Echo R3 Tech Wrecker
Aeceythar,842688545,18,0,18,Troopers: Veers R3 Piett Dark Trooper G11 Range Trooper G9 Gideon
Blackwing,654686582,33,1,32,EP: EP R2 Mara Jade, The Emperor's Hand G8 5* Vader R2 Thrawn G11 Shoretrooper G9
Blackwing,654686582,42,3,39,CLS: CLS G12 C-3PO G8 Han G11 Chewbacca G10 Chewpio G10
Jotar0Kujoh,973886778,32,4,28,EP: EP G10 Mara Jade, The Emperor's Hand G9 3* Vader R2 Thrawn G10 Malak
Jotar0Kujoh,973886778,45,1,44,Padme/BB: Padme G12 Hunter G9 4* Echo G9 3* Tech G8 4* Wrecker G8 3*
Jak Frey,692973843,33,6,27,CLS: CLS R2 C-3PO G12 Han G12 Chewbacca G12 Chewpio G12
Coop,972228286,4,4,0,CLS: CLS C-3PO Han Chewbacca Chewpio
Darkside Dad,551997198,9,8,1,CLS: CLS R4 C-3PO Han Chewbacca Chewpio
Darkside Dad,551997198,22,0,22,EP: EP G11 Mara Jade, The Emperor's Hand G9 3* Vader Thrawn G12 Malak
Zephyr,297528578,37,5,32,CLS: CLS G12 C-3PO G12 Han G12 Chewbacca G12 Chewpio G10
Zephyr,297528578,32,0,32,Troopers: Veers G12 Piett G12 Dark Trooper G11 Range Trooper G12 Gideon G11
Smashburger,776444483,30,0,30,CLS: CLS R4 C-3PO G8 5* Han R3 Chewbacca G11 Chewpio G8 5*
Smashburger,776444483,35,3,32,EP: EP G11 Mara Jade, The Emperor's Hand G9 4* Vader R3 Thrawn G11 Malak G11 6*
TheMeanDean,579355186,36,3,33,EP: EP Mara Jade, The Emperor's Hand G11 5* Vader G11 Thrawn G8 RG G9
TheMeanDean,579355186,40,0,40,CLS: CLS G12 C-3PO G9 Han G10 Chewbacca G9 Chewpio G10
TheMeanDean,579355186,44,0,44,Troopers: Veers G10 Piett G8 4* Dark Trooper G9 Range Trooper G10 6* Starck G9
Shayna Vetacious,391637392,22,11,11,EP: EP Mara Jade, The Emperor's Hand G9 Vader Thrawn RG R3
Shayna Vetacious,391637392,20,6,14,Troopers: Veers Piett Dark Trooper G12 Range Trooper G12 Starck R3
SleepyKiIIer666,456111931,25,0,25,EP: EP Mara Jade, The Emperor's Hand G12 Vader Thrawn G8 Shoretrooper G9
SleepyKiIIer666,456111931,37,0,37,Troopers: Veers G12 Piett G10 Dark Trooper G11 Range Trooper G8 Gideon G12
SleepyKiIIer666,456111931,44,2,42,Padme/BB: Padme G9 Hunter G11 5* Echo G10 5* Tech G10 5* Wrecker G8 4*
Prolox150,784616867,33,9,24,EP: EP G12 Mara Jade, The Emperor's Hand G10 4* Vader Thrawn G8 5* Malak
Prolox150,784616867,46,0,46,Troopers: Veers G10 6* Piett G8 4* Dark Trooper G9 6* Range Trooper G8 5* Gideon G9 5*
Mol Ace,473196354,28,14,14,EP: EP Mara Jade, The Emperor's Hand G12 Vader Thrawn G12 RG R3
Megaroutte,899878853,41,2,39,CLS: CLS G12 C-3PO G9 Han G11 Chewbacca G9 Chewpio G10
Desimo,642239495,30,2,28,EP: EP G12 Mara Jade, The Emperor's Hand G11 Vader Thrawn G11 RG G10
Peu Trid,631967535,32,6,26,EP: EP R3 Mara Jade, The Emperor's Hand G11 Vader Thrawn G12 RG G7
Peu Trid,631967535,35,4,31,Padme/BB: Padme R3 Hunter G11 Echo G10 Tech G11 Wrecker G11
PJMaster,377989166,8,0,8,CLS: CLS C-3PO R3 Han R3 Chewbacca R3 Chewpio R3
Egghead,654442979,15,0,15,CLS: CLS C-3PO G12 Han R4 Chewbacca R3 Chewpio G12
Egghead,654442979,31,0,31,EP: EP G12 Mara Jade, The Emperor's Hand G11 4* Vader R3 Thrawn G12 Shoretrooper G8 6*
MrTomChase24,674818227,34,8,26,EP: EP Mara Jade, The Emperor's Hand G9 Vader Thrawn G10 Malak G9 5*
MrTomChase24,674818227,26,0,26,CLS: CLS R3 C-3PO G12 Han G12 Chewbacca G12 Chewpio G12
MrTomChase24,674818227,44,1,43,Troopers: Veers G11 Piett G8 Dark Trooper G10 Range Trooper G9 Gideon G9
